San Diego  (444,1150)  (466,1175)  (441,1175)  (445,1125)  (469,1150)
Rhode Island  (2920,537)
Panhandle  (1400,899)  (1375,894)  (1424,924)  (1399,924)  (1425,885)  (1350,894)  (1449,910)  (1449,935)  (1424,949)  (1399,949)  (1450,885)  (1325,894)  (1474,910)  (1474,935)  (1414,974)  (1389,974)  (1475,885)  (1300,894)  (1275,894)  (1250,894)  (1225,894)
Tampa  (2368,1564)  (2343,1570)  (2343,1545)  (2392,1589)  (2368,1539)  (2393,1557)  (2367,1595)  (2417,1582)  (2417,1607)  (2392,1614)  (2345,1514)  (2442,1591)  (2404,1639)  (2379,1639)
Idaho Falls  (639,427)  (614,451)  (614,426)  (663,452)  (639,402)  (664,402)  (664,427)  (612,401)  (638,476)  (613,476)  (589,451)  (589,426)  (688,452)  (688,477)  (663,477)  (588,477)  (637,377)  (662,377)  (687,377)  (689,402)  (689,427)  (587,401)  (601,376)  (712,354)  (638,501)  (613,501)  (564,452)  (564,427)  (713,452)  (713,477)  (713,502)  (688,502)  (663,502)  (588,502)  (563,502)  (563,477)  (626,352)  (714,379)  (714,404)  (737,349)  (539,452)  (738,429)  (738,454)  (738,479)  (538,502)  (538,477)  (739,374)  (739,399)  (513,502)  (513,477)  (488,502)  (488,477)  (463,502)
Springfield  (1973,718)  (1948,742)  (1948,717)  (1997,743)  (1973,693)  (1998,693)  (1998,718)  (1946,692)  (1972,767)  (1947,767)  (2022,743)  (2016,768)  (1971,668)  (1996,668)  (2021,668)  (2023,693)  (2023,718)  (1921,698)  (1921,673)  (1946,667)  (1991,792)  (1966,792)  (1941,792)  (1987,643)  (2012,643)  (2037,643)  (2003,817)  (1978,817)  (2023,618)  (1984,842)  (1959,842)
Corpus Christi  (1461,1497)  (1436,1521)  (1436,1496)  (1485,1522)  (1461,1472)  (1486,1472)  (1486,1497)  (1434,1471)  (1460,1546)  (1435,1546)  (1411,1521)  (1411,1496)  (1489,1447)  (1511,1472)  (1514,1444)  (1478,1571)  (1453,1571)  (1428,1571)  (1539,1422)  (1539,1447)  (1488,1596)  (1463,1596)  (1438,1596)  (1564,1427)  (1495,1621)  (1470,1621)  (1589,1439)
Duluth  (1708,131)  (1683,155)  (1683,130)  (1732,156)  (1708,106)  (1733,106)  (1733,131)  (1681,105)  (1707,180)  (1682,180)  (1658,155)  (1658,130)  (1757,156)  (1757,181)  (1732,181)  (1706,81)  (1731,81)  (1756,81)  (1758,106)  (1758,131)  (1656,105)  (1656,80)  (1681,80)  (1707,205)  (1633,148)  (1782,156)  (1778,206)  (1753,206)  (1783,84)  (1783,109)  (1631,123)  (1631,98)  (1631,73)  (1656,55)  (1681,55)  (1624,48)  (1728,230)  (1703,230)  (1807,134)  (1808,90)  (1606,147)  (1606,122)  (1606,97)  (1599,72)  (1599,47)  (1832,115)  (1581,145)  (1581,120)  (1574,95)  (1574,70)  (1574,45)  (1857,95)  (1556,143)  (1549,91)  (1549,66)  (1549,41)  (1882,95)
Baton Rouge  (1794,1330)  (1769,1354)  (1769,1329)  (1818,1355)  (1794,1305)  (1819,1312)  (1767,1304)  (1782,1379)  (1744,1354)  (1744,1329)  (1843,1337)  (1843,1362)  (1844,1312)  (1742,1304)  (1848,1387)  (1867,1413)
New Hampshire  (2908,398)  (2932,423)  (2907,423)  (2909,373)  (2933,398)  (2934,372)  (2917,448)  (2892,448)  (2933,347)  (2937,322)
Grand Canyon  (699,957)  (674,981)  (674,956)  (723,982)  (699,932)  (724,932)  (724,957)  (672,931)  (698,1006)  (673,1006)  (649,981)  (649,956)  (748,982)  (748,1007)  (723,1007)  (648,1007)  (697,907)  (722,907)  (747,907)  (749,932)  (749,957)  (647,931)  (647,906)  (672,906)  (772,885)  (698,1031)  (673,1031)  (624,982)  (624,957)  (773,982)  (773,1007)  (773,1032)  (748,1032)  (723,1032)  (648,1032)  (623,1032)  (623,1007)  (774,910)  (774,935)  (622,932)  (622,907)  (797,885)  (698,1056)  (673,1056)  (599,982)  (599,957)  (798,960)  (798,985)  (798,1010)  (798,1035)  (773,1057)  (748,1057)  (723,1057)  (598,1038)  (598,1013)  (799,910)  (799,935)  (822,885)  (823,960)  (823,985)  (823,1010)  (824,910)  (824,935)  (847,885)  (848,960)  (848,985)  (848,1010)  (849,910)  (849,935)
San Francisco  (158,824)  (181,849)  (156,849)  (160,799)  (183,824)
Cincinnati  (2236,700)  (2211,707)  (2211,682)  (2260,725)  (2236,675)  (2261,699)  (2285,729)  (2212,650)
Sacramento  (165,649)  (140,673)  (140,648)  (189,674)  (165,624)  (190,624)  (190,649)  (138,623)  (164,698)  (139,698)  (115,673)  (115,648)  (214,674)  (214,699)  (189,699)  (114,699)  (163,599)  (188,599)  (213,599)  (215,624)  (215,649)  (113,623)  (113,598)  (138,598)  (238,576)  (164,723)  (139,723)  (90,674)  (90,649)  (239,674)  (239,699)  (239,724)  (214,724)  (189,724)  (114,724)  (89,709)  (163,574)  (188,574)  (213,574)  (240,601)  (240,626)  (88,624)  (88,599)  (88,574)  (113,573)  (138,573)  (238,551)  (263,551)  (263,576)  (164,748)  (139,748)  (264,651)  (264,676)  (264,701)  (238,749)  (213,749)  (114,749)  (70,549)  (163,549)  (188,549)  (213,549)  (63,635)  (95,548)  (120,548)  (211,774)  (134,774)
Ft. Dodge  (1604,462)  (1579,474)  (1579,449)  (1628,487)  (1604,437)  (1629,437)  (1629,462)  (1603,499)  (1577,424)  (1653,487)  (1653,512)  (1628,512)  (1603,524)
Savannah  (2357,1234)  (2374,1259)  (2349,1259)  (2343,1209)  (2368,1209)  (2382,1234)  (2365,1284)  (2363,1184)
Memphis  (1992,970)  (1967,994)  (1967,969)  (2016,995)  (1992,945)  (2017,945)  (2017,970)  (1965,944)  (1942,1002)  (1942,977)  (2041,995)  (1990,920)  (2042,948)  (2066,983)
Omaha  (1516,563)  (1491,587)  (1491,562)  (1540,588)  (1516,538)  (1541,538)  (1541,563)  (1489,537)  (1515,612)  (1490,612)  (1466,575)  (1565,588)  (1565,613)  (1540,613)  (1514,513)  (1539,513)  (1566,529)  (1566,554)  (1464,550)  (1464,525)  (1489,512)  (1455,500)  (1515,637)  (1490,637)  (1590,634)  (1565,638)  (1540,638)  (1514,488)  (1539,488)  (1480,487)
Miami  (2452,1663)  (2476,1688)  (2451,1688)  (2458,1638)  (2477,1663)
Harrisburg  (2586,638)  (2561,662)  (2610,663)  (2580,613)  (2605,613)  (2611,638)  (2536,665)  (2635,663)  (2636,625)
Yazoo River  (1932,1108)  (1907,1132)  (1907,1107)  (1956,1133)  (1932,1083)  (1957,1083)  (1957,1108)  (1905,1082)  (1931,1157)  (1906,1157)  (1882,1132)  (1882,1107)  (1981,1133)  (1981,1158)  (1956,1158)  (1881,1158)  (1930,1058)  (1955,1058)  (1980,1058)  (1982,1083)  (1982,1108)  (1899,1057)  (1989,1183)  (1964,1183)  (1924,1033)  (1949,1033)  (1974,1033)  (1999,1033)
Manitoba  (1267,0)  (1242,5)  (1292,0)  (1217,5)  (1317,0)  (1192,5)  (1342,0)  (1167,5)  (1367,0)  (1142,4)  (1392,0)  (1117,5)  (1417,0)  (1092,5)  (1442,0)  (1067,5)  (1467,0)  (1042,5)  (1492,0)  (1517,0)  (1542,0)  (1567,0)  (1592,0)  (1617,0)
Portland  (121,289)  (96,308)  (96,283)  (145,314)  (146,275)  (89,258)  (170,300)  (170,325)  (171,275)  (85,233)  (195,300)  (196,266)
Bakersfield  (351,993)  (326,1010)  (376,977)  (376,1002)  (304,1036)  (301,1011)  (401,974)  (401,999)  (409,1024)  (417,1049)  (279,1037)  (425,1074)  (421,1099)
Des Moines  (1711,556)  (1686,580)  (1686,555)  (1735,581)  (1711,531)  (1736,531)  (1736,556)  (1684,530)  (1661,602)  (1661,577)  (1760,581)  (1709,506)  (1734,506)  (1761,545)  (1659,552)  (1684,505)  (1636,602)  (1636,577)  (1785,570)  (1785,595)  (1611,596)  (1611,571)  (1810,569)  (1810,594)  (1835,574)  (1835,599)
Clinton  (2569,540)  (2544,563)  (2544,538)  (2593,565)  (2594,528)  (2519,540)  (2619,528)
Mexico  (975,1675)  (950,1699)  (950,1674)  (999,1700)  (975,1650)  (1000,1650)  (1000,1675)  (948,1649)  (974,1724)  (949,1724)  (925,1699)  (925,1674)  (1024,1700)  (1024,1725)  (999,1725)  (924,1725)  (973,1625)  (998,1625)  (1023,1625)  (1025,1650)  (1025,1675)  (923,1649)  (923,1624)  (948,1624)  (1048,1617)  (974,1749)  (949,1749)  (900,1695)  (1049,1700)  (1049,1725)  (1049,1750)  (1024,1750)  (999,1750)  (973,1600)  (998,1600)  (1023,1600)  (1050,1642)  (1050,1667)  (898,1670)  (898,1645)  (898,1620)  (923,1599)  (948,1599)  (894,1595)  (875,1697)  (1074,1692)  (1074,1717)  (1074,1742)  (973,1575)  (1075,1625)  (1075,1650)  (873,1672)  (873,1647)  (873,1622)  (919,1574)  (944,1574)  (869,1597)  (869,1572)  (894,1570)  (850,1701)  (1099,1680)  (1099,1705)  (1099,1730)  (848,1676)  (848,1651)  (848,1626)  (919,1549)  (944,1549)  (846,1547)  (844,1601)  (844,1576)  (871,1545)  (1124,1692)  (1124,1717)  (1124,1742)  (823,1683)  (823,1658)  (823,1633)  (896,1524)  (921,1524)  (946,1524)  (821,1551)  (821,1526)  (846,1522)  (819,1608)  (819,1583)  (871,1520)  (1149,1709)  (1149,1734)  (896,1499)  (921,1499)  (796,1558)  (796,1533)  (794,1603)  (1174,1724)  (1174,1749)  (771,1552)  (1199,1725)  (1199,1750)  (1224,1725)  (1224,1750)  (1249,1727)
Santa Fe  (1012,906)  (987,930)  (987,905)  (1014,931)  (1037,885)  (1039,910)  (987,955)  (962,955)  (962,930)  (962,905)  (1062,885)  (1064,910)  (1076,935)  (937,964)  (937,939)  (937,914)  (937,889)  (1087,885)  (1089,910)  (1096,960)  (1101,935)  (912,964)  (912,939)  (912,914)  (912,889)  (1112,885)  (1114,910)  (1121,960)  (1126,935)  (1137,885)  (1139,910)  (1146,960)  (1151,935)  (1162,885)  (1164,910)  (1171,960)  (1176,935)  (1187,885)  (1189,910)
Columbia Plateau  (320,365)  (295,389)  (295,364)  (344,390)  (320,340)  (345,340)  (345,365)  (293,339)  (319,414)  (294,414)  (270,389)  (270,364)  (369,390)  (369,415)  (344,415)  (269,415)  (318,315)  (343,315)  (368,315)  (370,340)  (370,365)  (268,339)  (268,314)  (293,314)  (393,292)  (319,439)  (294,439)  (245,390)  (245,365)  (394,390)  (394,415)  (394,440)  (369,440)  (344,440)  (318,290)  (343,290)  (368,290)  (395,317)  (395,342)  (243,340)  (243,315)  (243,290)  (268,289)  (293,289)  (393,267)  (418,267)  (418,292)  (319,464)  (294,464)  (419,367)  (419,392)  (419,417)  (419,442)  (394,465)  (369,465)  (344,465)  (318,265)  (343,265)  (368,265)  (420,317)  (250,264)  (275,264)  (421,467)  (443,255)  (443,280)  (319,489)  (294,489)  (396,490)  (371,490)  (346,490)  (427,492)
Eugene  (119,419)  (94,443)  (94,418)  (143,444)  (119,394)  (144,394)  (144,419)  (92,393)  (118,468)  (93,468)  (69,443)  (69,418)  (168,444)  (168,469)  (143,469)  (68,469)  (117,369)  (142,369)  (167,369)  (169,394)  (169,419)  (67,393)  (68,368)  (192,368)  (118,493)  (93,493)  (193,444)  (193,469)  (193,494)  (168,494)  (143,494)  (68,494)  (194,393)  (194,418)  (68,343)  (218,443)  (218,468)  (218,493)  (243,444)  (243,469)  (243,494)
Maine  (3044,282)  (3019,306)  (3019,281)  (3068,307)  (3044,257)  (3069,257)  (3069,282)  (3017,256)  (3043,331)  (3018,331)  (2994,306)  (2994,281)  (3093,307)  (2993,332)  (3042,232)  (3067,232)  (3092,232)  (3094,257)  (3094,282)  (3007,231)  (3117,212)  (2969,307)  (3118,307)  (3005,357)  (2980,357)  (2968,332)  (3032,207)  (3057,207)  (3082,207)  (3119,267)  (3107,187)  (3143,305)  (2983,382)  (3029,182)  (3054,182)  (3079,182)  (3104,162)  (3049,157)
Adirondacks  (2722,381)  (2697,405)  (2697,380)  (2746,406)  (2722,356)  (2747,356)  (2747,381)  (2721,430)  (2771,406)  (2760,431)  (2724,331)  (2749,331)  (2772,356)  (2772,381)  (2774,329)  (2797,354)  (2797,379)  (2799,315)
Buffalo  (2564,463)  (2539,487)  (2539,462)  (2588,488)  (2564,438)  (2589,441)  (2537,437)  (2514,502)  (2613,466)  (2614,439)  (2638,464)  (2639,439)  (2664,425)
Kansas City  (1647,708)  (1671,733)  (1646,733)  (1672,695)
Peoria  (1919,585)  (1894,609)  (1894,584)  (1943,610)  (1919,560)  (1944,560)  (1944,585)  (1907,634)  (1882,634)  (1968,610)  (1920,535)  (1945,535)  (1969,584)  (1857,646)  (1970,523)  (1896,659)  (1921,510)  (1871,671)  (1995,499)  (1946,498)  (2020,493)
Wilmington  (2540,1034)  (2515,1040)  (2515,1015)  (2564,1059)  (2565,1013)  (2539,1065)  (2490,1000)  (2590,1004)
Quebec  (2869,49)  (2844,73)  (2844,48)  (2893,74)  (2869,24)  (2894,24)  (2894,49)  (2842,23)  (2868,98)  (2843,98)  (2819,73)  (2819,48)  (2918,74)  (2918,99)  (2893,99)  (2818,99)  (2919,0)  (2919,25)  (2817,23)  (2868,123)  (2843,123)  (2794,74)  (2794,49)  (2943,50)  (2943,75)  (2943,100)  (2918,124)  (2893,124)  (2818,124)  (2793,124)  (2793,99)  (2944,0)  (2944,25)  (2944,125)  (2792,24)  (2868,148)  (2843,148)  (2769,74)  (2769,49)  (2968,50)  (2968,75)  (2968,100)  (2919,149)  (2894,149)  (2818,149)  (2793,149)  (2768,149)  (2768,124)  (2768,99)  (2969,0)  (2969,25)  (2969,125)  (2969,150)  (2944,150)  (2767,24)  (2869,173)  (2844,173)  (2744,74)  (2744,49)  (2993,50)  (2993,75)  (2993,100)  (2919,174)  (2894,174)  (2819,174)  (2794,174)  (2769,174)  (2744,174)  (2743,149)  (2743,124)  (2743,99)  (2994,0)  (2994,25)  (2994,125)  (2994,150)  (2993,175)  (2968,175)  (2742,24)  (2869,198)  (2844,198)  (2719,74)  (2719,49)  (3018,50)  (3018,75)  (3018,100)  (2943,199)  (2918,199)  (2819,199)  (2794,199)  (2769,199)  (2744,199)  (2718,173)  (2718,148)  (2718,123)  (3019,0)  (3019,25)  (3019,125)  (2980,200)  (2717,24)  (2893,223)  (2868,223)  (2694,98)  (2694,73)  (3043,50)  (3043,75)  (3043,100)  (2955,224)  (2930,224)  (2843,224)  (2818,224)  (2793,224)  (2768,224)  (2743,224)  (2693,155)  (2693,130)  (3044,0)  (3044,25)  (2692,48)  (2692,23)  (2905,248)  (2880,248)  (2669,105)  (2669,80)  (3068,50)  (3068,75)  (3068,100)  (2956,249)  (2931,249)  (2855,249)  (2830,249)  (2805,249)  (2780,249)  (2755,249)  (2668,145)  (3069,0)  (3069,25)  (2667,55)  (2667,30)  (2667,5)  (3074,125)  (2906,273)  (2881,273)  (2644,120)  (2644,95)  (3093,50)  (3093,75)  (3093,100)  (2856,274)  (2831,274)  (2806,274)  (2781,274)  (2756,274)  (3094,0)  (3094,25)  (2642,70)  (2642,45)  (2642,20)  (2619,118)  (3118,50)  (3118,75)  (3118,100)  (3119,0)  (3119,25)  (2617,93)  (2617,68)  (2617,43)  (2617,18)  (3122,125)  (3141,150)  (3142,175)  (3143,50)  (3143,75)  (3143,100)  (3143,200)  (3144,0)  (3144,25)  (3144,225)  (2592,105)  (2592,80)  (2592,55)  (2592,30)  (2592,5)  (3147,125)  (3161,250)  (3162,275)  (3166,150)  (3167,175)  (3168,50)  (3168,75)  (3168,100)  (3168,200)  (3169,0)  (3169,25)  (3169,225)  (3172,125)  (3191,150)  (3192,175)  (3193,50)  (3193,75)  (3193,100)  (3193,200)  (3194,0)  (3194,25)
East Ontario  (2493,189)  (2468,213)  (2468,188)  (2517,214)  (2493,164)  (2518,164)  (2518,189)  (2466,163)  (2492,238)  (2467,238)  (2443,213)  (2443,188)  (2542,214)  (2542,239)  (2517,239)  (2491,139)  (2516,139)  (2541,139)  (2543,164)  (2543,189)  (2441,163)  (2441,138)  (2466,138)  (2566,129)  (2492,263)  (2418,200)  (2567,214)  (2567,239)  (2567,264)  (2542,264)  (2517,264)  (2491,114)  (2516,114)  (2541,114)  (2568,154)  (2568,179)  (2416,175)  (2416,150)  (2416,125)  (2441,113)  (2466,113)  (2403,100)  (2492,288)  (2592,204)  (2592,229)  (2592,254)  (2592,279)  (2567,289)  (2542,289)  (2517,289)  (2491,89)  (2516,89)  (2541,89)  (2593,142)  (2593,167)  (2391,195)  (2391,170)  (2391,145)  (2428,88)  (2453,88)  (2378,120)  (2378,95)  (2403,75)  (2607,304)  (2373,70)  (2492,313)  (2617,192)  (2617,217)  (2617,242)  (2617,267)  (2582,314)  (2557,314)  (2532,314)  (2407,314)  (2478,64)  (2503,64)  (2528,64)  (2618,156)  (2366,193)  (2366,168)  (2428,63)  (2453,63)  (2467,320)  (2435,321)  (2353,143)  (2353,118)  (2398,50)  (2632,292)  (2632,317)  (2607,329)  (2348,93)  (2348,68)  (2373,45)  (2346,43)  (2507,338)  (2642,181)  (2642,206)  (2642,231)  (2642,256)  (2582,339)  (2557,339)  (2532,339)  (2410,339)  (2478,39)  (2503,39)  (2528,39)  (2341,191)  (2423,38)  (2448,38)  (2482,345)  (2457,346)  (2328,166)  (2328,141)  (2398,25)  (2657,281)  (2657,306)  (2657,331)  (2323,116)  (2323,91)  (2371,20)  (2321,66)  (2321,41)  (2346,18)  (2319,16)  (2507,363)  (2667,180)  (2667,205)  (2667,230)  (2667,255)  (2432,364)  (2407,364)  (2473,14)  (2498,14)  (2523,14)  (2423,13)  (2448,13)  (2482,370)  (2457,371)  (2303,184)  (2303,159)  (2396,0)  (2682,280)  (2682,305)  (2298,134)  (2298,109)  (2296,84)  (2296,59)  (2294,34)  (2692,197)  (2692,222)  (2692,247)  (2432,389)  (2407,389)  (2484,395)  (2459,396)  (2278,183)  (2707,272)  (2707,297)  (2273,158)  (2273,133)  (2271,108)  (2271,83)  (2717,246)  (2434,414)  (2409,414)  (2481,421)  (2384,423)  (2248,167)  (2248,142)  (2246,117)  (2246,92)  (2450,439)  (2425,439)  (2397,448)  (2372,448)  (2362,473)
Yakima  (199,193)  (174,217)  (174,192)  (223,218)  (199,168)  (224,168)  (224,193)  (159,242)  (149,217)  (149,192)  (248,218)  (249,158)  (249,183)  (124,207)  (124,182)  (273,208)  (274,160)  (99,199)  (99,174)  (298,185)  (298,210)  (84,149)  (81,94)  (80,124)  (323,215)  (56,99)
San Joaquin  (231,923)  (206,929)  (206,904)  (255,948)  (256,917)  (230,954)  (201,879)  (280,942)  (280,967)  (255,973)  (305,935)  (305,960)
Augusta  (2303,1121)  (2278,1134)  (2327,1146)  (2286,1096)  (2328,1119)  (2302,1159)  (2286,1071)  (2312,1184)  (2287,1184)  (2266,1032)
El Paso  (1236,1310)  (1211,1334)  (1211,1309)  (1260,1335)  (1236,1285)  (1261,1285)  (1261,1310)  (1209,1284)  (1235,1359)  (1210,1359)  (1186,1334)  (1186,1309)  (1285,1335)  (1285,1360)  (1260,1360)  (1185,1360)  (1234,1260)  (1259,1260)  (1284,1260)  (1286,1285)  (1286,1310)  (1184,1284)  (1184,1259)  (1209,1259)  (1309,1251)  (1161,1335)  (1161,1310)  (1310,1335)  (1310,1360)  (1207,1385)  (1182,1385)  (1160,1360)  (1311,1276)  (1311,1301)  (1159,1285)  (1159,1260)  (1157,1388)  (1316,1385)  (1334,1246)  (1136,1335)  (1136,1310)  (1335,1326)  (1335,1351)  (1199,1410)  (1135,1363)  (1336,1271)  (1336,1296)  (1134,1285)  (1134,1260)  (1338,1410)  (1341,1376)  (1111,1315)  (1360,1321)  (1360,1346)  (1360,1435)  (1361,1252)  (1361,1277)  (1109,1290)  (1109,1265)  (1363,1401)  (1366,1371)  (1385,1302)  (1385,1327)  (1385,1426)  (1385,1451)  (1386,1261)  (1084,1291)  (1084,1266)  (1084,1241)  (1391,1352)  (1378,1476)  (1410,1286)  (1410,1311)  (1059,1263)  (1416,1336)
Colorado Springs  (1086,786)  (1061,810)  (1061,785)  (1110,811)  (1086,761)  (1111,761)  (1111,786)  (1059,760)  (1085,835)  (1060,835)  (1036,810)  (1135,811)  (1135,836)  (1110,836)  (1035,836)  (1084,736)  (1109,736)  (1134,736)  (1136,761)  (1136,786)  (1057,735)  (1011,811)  (1010,859)  (1067,710)  (986,834)  (985,859)  (961,834)  (960,859)  (936,834)  (935,859)  (911,834)  (910,859)
Morgantown  (2433,715)  (2408,739)  (2408,714)  (2458,699)  (2458,724)  (2383,730)  (2483,726)  (2508,723)  (2533,709)
Austin  (1495,1318)  (1470,1342)  (1470,1317)  (1519,1343)  (1495,1293)  (1520,1293)  (1520,1318)  (1494,1367)  (1544,1343)  (1544,1368)  (1519,1368)  (1482,1268)  (1507,1268)  (1524,1393)  (1485,1243)  (1510,1243)
Ft. Wayne  (2167,597)  (2186,622)  (2161,622)  (2149,572)  (2174,572)  (2185,647)  (2160,647)  (2147,547)  (2172,547)  (2185,672)
Tallahassee  (2214,1342)  (2189,1366)  (2189,1341)  (2239,1337)  (2177,1316)  (2264,1339)  (2274,1364)  (2152,1336)  (2289,1389)  (2127,1322)  (2102,1322)  (2077,1316)
Cape Girardeau  (1869,836)  (1844,860)  (1844,835)  (1893,861)  (1869,811)  (1894,811)  (1894,836)  (1842,810)  (1868,885)  (1843,885)  (1918,861)  (1918,886)  (1893,886)  (1919,827)  (1817,820)  (1817,795)  (1804,770)  (1943,885)  (1807,745)  (1828,720)
Columbus  (2346,677)  (2354,702)  (2329,702)  (2371,657)  (2379,682)  (2332,727)  (2396,657)
Sheridan  (920,354)  (895,378)  (895,353)  (944,379)  (920,329)  (945,329)  (945,354)  (893,328)  (919,403)  (894,403)  (870,378)  (870,353)  (969,379)  (969,404)  (944,404)  (869,404)  (970,315)  (970,340)  (868,328)  (919,428)  (894,428)  (845,379)  (845,354)  (994,365)  (994,390)  (869,429)  (844,429)  (844,404)  (995,315)  (995,340)  (843,329)  (921,453)  (896,453)  (820,379)  (820,354)  (1019,365)  (1019,390)  (871,454)  (846,454)  (821,454)  (819,429)  (819,404)  (1020,315)  (1020,340)  (818,329)  (796,477)  (900,478)  (795,379)  (795,354)  (1044,365)  (1044,390)  (875,479)  (850,479)  (825,479)  (794,452)  (794,427)  (1045,315)  (1045,340)  (793,329)  (1069,365)  (1069,390)  (1070,315)  (1070,340)  (1094,365)  (1094,390)  (1095,315)  (1095,340)  (1102,415)  (1119,365)  (1119,390)  (1120,315)  (1120,340)  (1127,415)
Dallas  (1528,1170)  (1550,1195)  (1525,1195)  (1531,1145)  (1553,1170)
Cheyenne  (983,518)  (958,542)  (958,517)  (1007,543)  (983,493)  (1008,493)  (1008,518)  (956,492)  (982,567)  (957,567)  (933,542)  (933,517)  (1032,543)  (1032,568)  (1007,568)  (932,568)  (981,468)  (1006,468)  (1031,468)  (1033,493)  (1033,518)  (952,467)  (1056,445)  (908,543)  (908,518)  (1057,543)  (1057,568)  (907,573)  (977,443)  (1002,443)  (1027,443)  (1058,470)  (1058,495)  (1081,441)  (883,548)  (883,523)  (1082,520)  (1082,545)  (1082,570)  (882,573)  (1083,466)  (1083,491)  (858,548)  (858,523)  (1107,516)  (1107,541)  (1107,566)  (857,573)  (1108,450)  (1108,475)  (833,548)  (833,523)  (1132,500)  (1132,525)  (1132,550)  (832,573)  (1133,456)  (808,548)  (808,523)  (807,573)  (783,548)  (782,573)
Salt Lake City  (716,652)  (691,665)  (737,677)  (718,627)  (741,652)
Danville  (2406,884)  (2381,887)  (2429,859)  (2431,884)  (2356,887)  (2456,889)  (2331,887)  (2481,889)
Arikaree  (1203,712)  (1178,728)  (1178,703)  (1227,737)  (1203,687)  (1228,687)  (1228,712)  (1168,678)  (1202,753)  (1246,762)  (1193,662)  (1218,662)  (1243,662)  (1163,653)  (1221,778)  (1196,778)  (1246,787)  (1188,637)  (1213,637)  (1238,637)  (1160,628)  (1221,803)  (1196,803)  (1246,812)  (1185,612)  (1210,612)  (1235,612)  (1135,603)  (1160,603)  (1221,828)  (1196,828)  (1246,837)  (1221,853)  (1196,853)
Las Vegas  (510,827)  (485,851)  (485,826)  (534,852)  (510,802)  (535,802)  (535,827)  (483,801)  (509,876)  (484,876)  (460,851)  (460,826)  (559,852)  (559,877)  (534,877)  (459,877)  (508,777)  (533,777)  (558,777)  (560,802)  (560,827)  (458,801)  (458,776)  (483,776)  (583,754)  (509,901)  (484,901)  (435,852)  (435,827)  (584,852)  (584,877)  (584,902)  (559,902)  (534,902)  (508,752)  (533,752)  (558,752)  (585,779)  (585,804)  (443,751)  (468,751)  (509,926)  (410,833)  (553,927)  (552,952)
Grand Junction  (949,673)  (924,697)  (924,672)  (973,698)  (949,648)  (974,648)  (974,673)  (922,647)  (948,722)  (923,722)  (899,697)  (899,672)  (998,698)  (998,723)  (973,723)  (898,723)  (947,623)  (972,623)  (997,623)  (999,648)  (999,673)  (897,647)  (897,622)  (922,622)  (1022,600)  (948,747)  (923,747)  (1023,698)  (1023,723)  (1023,748)  (998,748)  (973,748)  (898,748)  (1024,625)  (1024,650)  (1047,599)  (948,772)  (923,772)  (1048,675)  (1011,773)  (986,773)  (898,773)  (1049,624)  (1072,599)  (944,797)
BrownZombiesCapital  (3121,1204)
Washington  (2585,744)  (2609,769)  (2584,769)  (2591,719)  (2610,744)
Philadelphia  (2698,652)  (2722,677)  (2697,677)  (2705,627)  (2723,652)
Charlottesville  (2511,793)  (2486,817)  (2486,792)  (2522,768)  (2536,793)  (2481,842)
St. Louis  (1876,745)  (1899,770)  (1874,770)  (1878,720)  (1901,745)
Montgomery  (2090,1179)  (2065,1203)  (2065,1178)  (2114,1204)  (2105,1154)  (2115,1179)  (2130,1139)  (2040,1223)  (2040,1198)  (2139,1204)  (2140,1164)  (2030,1173)  (2155,1121)  (2015,1225)  (2164,1189)
Connecticut  (2851,534)  (2876,526)  (2876,551)
Reno  (338,674)  (313,698)  (313,673)  (362,699)  (338,649)  (363,649)  (363,674)  (311,648)  (337,723)  (312,723)  (387,699)  (387,724)  (362,724)  (336,624)  (361,624)  (388,661)  (290,623)  (337,748)  (412,727)  (387,749)  (362,749)  (315,599)  (340,599)  (365,599)  (290,598)  (415,752)  (390,774)  (365,774)  (315,574)  (340,574)  (365,574)  (290,573)  (398,799)  (315,549)  (340,549)  (365,549)  (290,548)
Mojave  (499,1048)  (474,1072)  (474,1047)  (523,1073)  (499,1023)  (524,1023)  (524,1048)  (472,1022)  (498,1097)  (473,1097)  (449,1048)  (548,1073)  (548,1098)  (523,1098)  (497,998)  (522,998)  (549,1018)  (549,1043)  (447,1023)  (447,998)  (472,997)  (553,1123)  (528,1123)  (442,973)  (497,973)  (467,972)  (554,1148)  (529,1148)  (442,948)  (467,947)  (442,923)
Gary  (2096,576)  (2071,600)  (2120,601)  (2093,551)  (2118,551)  (2121,576)  (2095,625)  (2070,625)
Birmingham  (2077,1071)  (2052,1095)  (2052,1070)  (2101,1096)  (2077,1046)  (2102,1046)  (2102,1071)  (2050,1045)  (2076,1120)  (2051,1120)  (2027,1095)  (2126,1096)  (2026,1121)  (2127,1028)  (2127,1053)  (2043,1146)
Roswell  (1104,1093)  (1079,1117)  (1079,1092)  (1128,1118)  (1104,1068)  (1129,1068)  (1129,1093)  (1077,1067)  (1103,1142)  (1078,1142)  (1054,1117)  (1054,1092)  (1153,1118)  (1153,1143)  (1128,1143)  (1053,1143)  (1102,1043)  (1127,1043)  (1152,1043)  (1154,1068)  (1154,1093)  (1052,1067)  (1067,1042)  (1177,1020)  (1103,1167)  (1078,1167)  (1178,1118)  (1178,1143)  (1178,1168)  (1153,1168)  (1128,1168)  (1053,1168)  (1094,1018)  (1119,1018)  (1144,1018)  (1179,1045)  (1179,1070)  (1103,1192)  (1078,1192)  (1189,1193)  (1164,1193)  (1139,1193)  (1053,1193)
St. Joseph  (1722,651)  (1697,669)  (1697,644)  (1746,676)  (1747,627)  (1721,694)  (1672,657)  (1672,632)  (1771,652)  (1771,677)  (1746,701)  (1772,627)  (1772,702)  (1647,653)  (1647,628)  (1796,652)  (1796,677)  (1797,627)  (1797,702)  (1821,664)
Bowling Green  (2156,851)  (2131,853)  (2131,828)  (2180,876)  (2156,826)  (2181,845)  (2155,878)  (2106,823)  (2205,870)  (2153,801)  (2230,853)  (2230,878)  (2255,855)  (2255,880)
Tuscon  (800,1191)  (775,1215)  (775,1190)  (824,1216)  (800,1166)  (825,1166)  (825,1191)  (773,1165)  (799,1240)  (774,1240)  (750,1215)  (750,1190)  (849,1216)  (849,1241)  (824,1241)  (749,1241)  (798,1141)  (823,1141)  (848,1141)  (850,1166)  (850,1191)  (725,1216)  (725,1191)  (724,1241)  (776,1116)  (801,1116)  (826,1116)  (851,1116)  (797,1091)  (822,1091)  (847,1091)  (818,1066)  (843,1066)
Catskills  (2709,485)  (2684,502)  (2684,477)  (2733,510)  (2734,478)  (2659,502)  (2758,514)  (2762,539)
Lansing  (2189,418)  (2164,442)  (2164,417)  (2213,443)  (2189,393)  (2214,393)  (2214,418)  (2162,392)  (2188,467)  (2163,467)  (2139,442)  (2139,417)  (2233,468)  (2138,468)  (2187,368)  (2212,368)  (2239,411)  (2137,392)  (2137,367)  (2162,367)  (2237,364)  (2208,492)  (2183,492)  (2234,493)  (2158,493)  (2133,493)  (2187,343)  (2212,343)  (2264,412)  (2135,342)  (2160,342)  (2237,339)  (2262,339)  (2209,517)  (2184,517)  (2249,518)  (2159,518)  (2134,518)  (2185,318)  (2210,318)  (2289,397)  (2235,314)  (2260,314)  (2183,293)  (2208,293)  (2233,289)  (2207,268)
Albuquerque  (1031,979)  (1055,1004)  (1030,1004)  (1056,965)
GrayZombiesCapital  (3125,1195)
West Ontario  (1843,9)  (1818,33)  (1818,8)  (1867,34)  (1868,0)  (1842,58)  (1793,51)  (1793,26)  (1793,1)  (1892,25)  (1892,50)  (1867,59)  (1893,0)  (1768,45)  (1768,20)  (1917,25)  (1917,50)  (1918,0)  (1743,31)  (1743,6)  (1942,25)  (1943,0)  (1718,30)  (1718,5)  (1968,0)  (1693,26)  (1693,1)  (1993,0)  (1668,0)  (2018,0)  (2043,0)  (2135,0)  (2160,0)  (2185,0)  (2190,25)  (2210,0)  (2215,25)  (2216,50)  (2235,0)  (2240,25)  (2241,50)  (2260,0)
Wichita  (1530,816)  (1505,840)  (1505,815)  (1554,841)  (1530,791)  (1555,791)  (1555,816)  (1503,790)  (1480,859)  (1480,834)  (1579,841)  (1580,768)  (1580,793)  (1478,809)  (1478,784)  (1455,859)  (1455,834)  (1604,818)  (1604,843)  (1605,756)  (1605,781)  (1453,809)  (1453,784)  (1430,859)  (1629,806)  (1629,831)  (1629,856)  (1630,771)
Phoenix  (709,1121)  (733,1146)  (708,1146)  (734,1108)
Topeka  (1518,699)  (1493,723)  (1493,698)  (1542,724)  (1518,674)  (1543,674)  (1543,699)  (1491,673)  (1517,748)  (1492,748)  (1468,701)  (1567,724)  (1543,749)  (1568,670)  (1568,695)  (1466,676)  (1592,720)  (1593,670)  (1593,695)  (1441,694)
Jackson  (1919,1247)  (1894,1271)  (1894,1246)  (1943,1272)  (1919,1222)  (1944,1229)  (1892,1221)  (1869,1286)  (1869,1261)  (1968,1254)  (1968,1279)  (1900,1196)  (1975,1304)  (1950,1304)  (1976,1229)  (1961,1329)
Tulsa  (1582,927)  (1557,951)  (1557,926)  (1606,952)  (1582,902)  (1607,902)  (1607,927)  (1555,901)  (1581,976)  (1556,976)  (1532,951)  (1532,926)  (1631,952)  (1631,977)  (1606,977)  (1632,885)  (1632,910)  (1530,901)  (1656,962)  (1656,987)  (1631,1002)  (1659,1012)
Sevier  (647,754)  (622,778)  (622,753)  (671,779)  (647,729)  (672,729)  (672,754)  (620,728)  (646,803)  (621,803)  (696,779)  (696,804)  (671,804)  (645,704)  (670,704)  (697,715)  (697,740)  (615,703)  (646,828)  (621,828)  (705,829)  (680,829)  (640,679)  (615,678)  (655,853)  (630,853)  (705,854)  (680,854)  (640,654)  (615,653)  (640,629)  (615,628)  (665,626)  (640,604)  (615,603)  (690,602)  (745,602)  (665,601)  (715,600)  (640,579)  (615,578)  (690,577)  (740,577)  (665,576)  (715,575)  (640,554)  (615,553)  (690,552)  (740,552)  (665,551)  (715,550)  (640,529)
Baja California  (518,1376)  (493,1371)  (542,1401)  (518,1351)  (487,1346)  (567,1421)  (542,1426)  (512,1326)  (478,1321)  (583,1446)  (503,1301)  (476,1296)  (605,1471)  (580,1471)  (501,1276)  (618,1275)  (469,1271)  (583,1257)  (618,1496)  (593,1496)  (640,1300)  (494,1251)  (519,1251)  (643,1251)  (608,1250)  (644,1325)  (457,1246)  (654,1350)  (557,1235)  (582,1232)  (662,1375)  (626,1521)  (601,1521)  (576,1521)  (665,1276)  (482,1226)  (507,1226)  (532,1226)  (669,1301)  (454,1221)  (679,1326)  (557,1210)  (687,1351)  (687,1376)  (637,1546)  (612,1546)  (690,1263)  (492,1201)  (517,1201)  (694,1288)  (704,1313)  (651,1571)  (626,1571)  (719,1275)  (729,1300)  (729,1325)  (673,1596)  (648,1596)  (687,1621)  (662,1621)  (692,1646)  (667,1646)  (700,1671)  (675,1671)  (711,1696)  (686,1696)  (715,1721)  (713,1746)
Seattle  (126,109)  (150,134)  (125,134)  (151,93)
Massachusetts  (2866,485)  (2841,500)  (2891,477)
Charleston  (2445,1110)  (2420,1134)  (2420,1109)  (2469,1135)  (2445,1085)  (2470,1085)  (2470,1110)  (2444,1159)  (2419,1159)  (2438,1060)  (2463,1060)  (2495,1072)  (2495,1097)
Butte  (693,149)  (668,173)  (668,148)  (717,174)  (693,124)  (718,124)  (718,149)  (666,123)  (692,198)  (667,198)  (643,173)  (643,148)  (742,174)  (742,199)  (717,199)  (642,199)  (691,99)  (716,99)  (741,99)  (743,124)  (743,149)  (641,123)  (641,98)  (666,98)  (766,76)  (692,223)  (667,223)  (618,174)  (618,149)  (767,174)  (767,199)  (767,224)  (742,224)  (717,224)  (642,224)  (617,224)  (617,199)  (691,74)  (716,74)  (741,74)  (768,101)  (768,126)  (616,124)  (616,99)  (616,74)  (641,73)  (666,73)  (766,51)  (791,51)  (791,76)  (692,248)  (667,248)  (593,169)  (792,151)  (792,176)  (792,201)  (792,226)  (767,249)  (742,249)  (717,249)  (642,249)  (592,49)  (691,49)  (716,49)  (741,49)  (793,101)  (793,126)  (591,144)  (591,119)  (591,94)  (617,48)  (642,48)  (794,251)  (816,30)  (816,55)  (692,273)  (667,273)  (817,151)  (817,176)  (817,201)  (817,226)  (769,274)  (744,274)  (719,274)  (642,274)  (567,69)  (567,44)  (818,80)  (818,105)  (566,151)  (566,126)  (566,101)  (819,251)  (819,276)  (794,276)  (841,30)  (841,55)  (694,298)  (669,298)  (842,130)  (842,155)  (842,180)  (842,205)  (754,299)  (729,299)  (542,76)  (542,51)  (843,80)  (843,105)  (541,126)  (541,101)  (844,230)  (844,255)  (844,280)  (686,323)  (517,76)  (517,51)
Knoxville  (2244,932)  (2219,956)  (2219,931)  (2263,957)  (2269,912)  (2288,937)  (2294,912)  (2319,913)
Fresno  (312,865)  (287,889)  (287,864)  (336,890)  (312,840)  (337,840)  (337,865)  (285,839)  (262,885)  (361,890)  (361,915)  (336,915)  (310,815)  (335,815)  (362,837)  (362,862)  (260,860)  (260,835)  (285,814)  (256,810)  (386,887)  (386,912)  (386,937)  (361,940)  (310,790)  (387,861)  (235,848)  (281,789)  (231,823)  (251,785)  (411,886)  (411,911)  (411,936)  (276,764)
Mobile  (2047,1270)  (2022,1294)  (2022,1269)  (2072,1248)  (2072,1273)  (2097,1232)  (2097,1257)  (2097,1282)  (2122,1229)  (2122,1254)  (2122,1279)  (2147,1230)  (2147,1255)  (2147,1280)
Maryland  (2627,691)  (2602,691)
San Antonio  (1433,1399)  (1457,1424)  (1432,1424)  (1442,1374)  (1458,1399)
West Canada  (553,0)  (528,4)  (578,0)  (503,4)  (603,0)  (478,4)  (628,0)  (453,4)  (653,0)  (428,4)  (678,0)  (403,4)  (703,0)  (378,4)  (728,0)  (353,4)  (753,0)  (328,4)  (778,0)  (303,4)  (803,0)  (278,4)  (828,0)  (253,4)  (853,0)  (228,4)  (878,0)  (203,4)  (903,0)  (178,4)  (928,0)  (153,4)  (953,0)  (978,0)
Billings  (973,150)  (948,174)  (948,149)  (997,175)  (973,125)  (998,125)  (998,150)  (946,124)  (972,199)  (947,199)  (923,174)  (923,149)  (1022,175)  (1022,200)  (997,200)  (922,200)  (971,100)  (996,100)  (1021,100)  (1023,125)  (1023,150)  (921,124)  (921,99)  (946,99)  (1046,77)  (972,224)  (947,224)  (898,175)  (898,150)  (1047,175)  (1047,200)  (1047,225)  (1022,225)  (997,225)  (922,225)  (897,225)  (897,200)  (971,75)  (996,75)  (1021,75)  (1048,102)  (1048,127)  (896,125)  (896,100)  (896,75)  (921,74)  (946,74)  (1046,52)  (1071,52)  (1071,77)  (972,249)  (947,249)  (1072,152)  (1072,177)  (1072,202)  (1072,227)  (1047,250)  (1022,250)  (997,250)  (922,250)  (897,250)  (881,50)  (971,50)  (996,50)  (1021,50)  (1073,102)  (1073,127)  (906,49)  (931,49)  (1074,252)  (1096,30)  (1096,55)  (972,274)  (947,274)  (1097,152)  (1097,177)  (1097,202)  (1097,227)  (1049,275)  (1024,275)  (999,275)  (922,275)  (897,275)  (1098,80)  (1098,105)  (1099,252)  (1099,277)  (1074,277)  (1121,30)  (1121,55)  (1122,130)  (1122,155)  (1122,180)  (1122,205)  (1123,80)  (1123,105)  (1124,230)  (1124,255)  (1124,280)
Raleigh  (2552,942)  (2527,966)  (2527,941)  (2576,967)  (2552,917)  (2577,917)  (2577,942)  (2502,967)  (2502,942)  (2502,917)  (2601,967)  (2602,917)  (2602,942)  (2477,967)  (2477,942)  (2477,917)  (2627,917)  (2627,951)
Macon  (2242,1232)  (2217,1256)  (2217,1231)  (2266,1257)  (2242,1207)  (2267,1210)  (2215,1206)  (2241,1281)  (2216,1281)  (2291,1235)  (2291,1260)  (2266,1282)  (2240,1182)  (2202,1181)  (2294,1285)  (2241,1306)  (2216,1306)  (2316,1222)  (2269,1307)  (2227,1157)  (2252,1157)  (2192,1156)  (2319,1302)  (2294,1310)  (2188,1131)  (2175,1051)
Fort Smith  (1805,960)  (1780,984)  (1780,959)  (1829,985)  (1805,935)  (1830,935)  (1830,960)  (1778,934)  (1755,961)  (1854,985)  (1854,1010)  (1829,1010)  (1855,920)  (1855,945)  (1753,936)  (1879,970)  (1879,995)  (1871,1035)  (1846,1035)  (1880,920)  (1880,945)  (1728,947)  (1728,922)  (1703,946)  (1703,921)
Gila  (620,1146)  (595,1170)  (595,1145)  (644,1171)  (620,1121)  (645,1121)  (645,1146)  (593,1120)  (619,1195)  (669,1171)  (669,1196)  (644,1196)  (618,1096)  (643,1096)  (678,1221)
Atlanta  (2217,1077)  (2241,1102)  (2216,1102)  (2228,1052)  (2242,1077)
Minneapolis  (1717,304)  (1736,329)  (1711,329)  (1714,279)  (1742,287)
Spokane  (345,97)  (320,121)  (320,96)  (369,122)  (345,72)  (370,72)  (370,97)  (318,71)  (344,146)  (295,135)  (295,110)  (394,122)  (394,147)  (369,147)  (343,47)  (368,47)  (393,47)  (395,72)  (395,97)  (293,85)  (293,60)  (318,46)  (282,35)  (418,30)  (344,171)  (270,132)  (419,122)  (419,147)  (419,172)  (394,172)  (369,172)  (420,55)  (420,80)  (268,107)  (268,82)  (257,57)  (257,32)  (245,132)  (426,197)  (401,197)  (376,197)  (351,197)  (243,107)  (243,82)  (232,57)  (232,32)  (218,122)  (218,97)  (207,72)  (207,47)  (182,72)  (182,47)  (157,52)
Vermont  (2847,371)  (2863,396)  (2838,346)  (2863,346)  (2872,371)  (2888,330)  (2860,421)  (2837,321)  (2862,321)  (2855,446)
Jacksonville  (2360,1414)  (2335,1438)  (2335,1413)  (2384,1439)  (2360,1389)  (2385,1414)  (2333,1388)  (2359,1463)  (2334,1463)  (2404,1464)  (2358,1364)  (2331,1363)  (2407,1489)  (2365,1339)  (2414,1514)
Amarillo  (1294,1095)  (1269,1119)  (1269,1094)  (1318,1120)  (1294,1070)  (1319,1070)  (1319,1095)  (1267,1069)  (1293,1144)  (1268,1144)  (1244,1119)  (1244,1094)  (1343,1120)  (1343,1145)  (1318,1145)  (1243,1145)  (1292,1045)  (1317,1045)  (1342,1045)  (1344,1070)  (1344,1095)  (1242,1069)  (1242,1044)  (1267,1044)  (1293,1169)  (1268,1169)  (1219,1120)  (1219,1095)  (1368,1120)  (1368,1145)  (1368,1170)  (1343,1170)  (1318,1170)  (1243,1170)  (1218,1170)  (1218,1145)  (1292,1020)  (1317,1020)  (1342,1020)  (1369,1064)  (1369,1089)  (1217,1070)  (1217,1045)  (1217,1020)  (1242,1019)  (1267,1019)  (1293,1194)  (1268,1194)  (1393,1114)  (1393,1139)  (1393,1164)  (1393,1189)  (1368,1195)  (1343,1195)  (1318,1195)  (1243,1195)  (1218,1195)  (1217,995)  (1292,995)  (1317,995)  (1342,995)  (1394,1072)  (1242,994)  (1267,994)  (1412,1214)  (1293,1219)  (1268,1219)  (1418,1097)  (1418,1122)  (1418,1147)  (1418,1172)  (1387,1220)  (1362,1220)  (1337,1220)  (1217,970)  (1292,970)  (1317,970)  (1342,970)  (1242,969)  (1267,969)  (1437,1197)  (1437,1222)  (1443,1094)  (1443,1119)  (1443,1144)  (1443,1169)  (1217,945)  (1292,945)  (1317,945)  (1342,945)  (1242,944)  (1267,944)  (1445,1247)  (1462,1194)  (1468,1099)  (1468,1124)  (1468,1149)  (1292,920)  (1317,920)  (1342,920)  (1493,1110)
Hopkinsville  (2039,862)  (2014,883)  (2035,837)  (2060,837)  (2064,862)  (1989,894)  (2089,868)
New York  (2805,609)  (2829,634)  (2804,634)  (2809,584)  (2830,609)
Oklahoma City  (1496,1019)  (1471,1043)  (1471,1018)  (1520,1044)  (1496,994)  (1521,1007)  (1469,993)  (1495,1068)  (1446,1061)  (1446,1036)  (1545,1032)  (1545,1057)  (1520,1069)  (1494,969)  (1546,1007)  (1444,1011)  (1444,986)  (1568,1082)  (1421,1043)  (1570,1032)  (1570,1057)  (1419,1018)  (1595,1014)  (1595,1039)  (1595,1064)  (1394,1037)  (1394,1012)  (1620,1051)  (1620,1076)  (1645,1051)  (1645,1076)
CitizensMilitiaCapital  (2891,1191)  (2866,1215)  (2866,1190)  (2915,1216)  (2891,1166)  (2916,1166)  (2916,1191)  (2841,1231)  (2841,1206)  (2841,1181)  (2940,1216)  (2941,1166)  (2941,1191)  (2965,1216)  (2966,1166)  (2966,1191)  (2990,1216)  (2991,1166)  (2991,1191)
New Jersey  (2763,648)  (2757,622)  (2763,673)  (2745,597)
USArmyCapital  (2699,1190)  (2674,1214)  (2674,1189)  (2723,1215)  (2724,1166)  (2649,1231)  (2649,1206)  (2649,1181)  (2748,1191)  (2748,1216)  (2749,1166)  (2773,1191)  (2773,1216)  (2774,1166)  (2798,1191)  (2798,1216)  (2799,1166)
Rapid City  (1243,340)  (1218,364)  (1218,339)  (1267,365)  (1243,315)  (1268,315)  (1268,340)  (1216,314)  (1242,389)  (1217,389)  (1193,364)  (1193,339)  (1292,365)  (1292,390)  (1267,390)  (1192,390)  (1241,290)  (1266,290)  (1291,290)  (1293,315)  (1293,340)  (1191,314)  (1191,289)  (1216,289)  (1316,267)  (1242,414)  (1217,414)  (1168,365)  (1168,340)  (1317,365)  (1317,390)  (1317,415)  (1292,415)  (1267,415)  (1192,415)  (1167,415)  (1167,390)  (1241,265)  (1266,265)  (1291,265)  (1318,292)  (1318,317)  (1166,315)  (1166,290)  (1166,265)  (1191,264)  (1216,264)  (1341,247)  (1342,342)  (1342,367)  (1342,392)  (1343,272)  (1343,297)  (1367,349)
Sand Hills  (1263,498)  (1238,522)  (1238,497)  (1287,523)  (1263,473)  (1288,473)  (1288,498)  (1236,472)  (1262,547)  (1237,547)  (1213,522)  (1213,497)  (1312,523)  (1212,548)  (1313,457)  (1313,482)  (1211,472)  (1248,572)  (1188,523)  (1188,498)  (1337,507)  (1337,532)  (1223,573)  (1198,573)  (1187,548)  (1338,457)  (1338,482)  (1186,473)  (1173,573)  (1163,523)  (1163,498)  (1362,507)  (1362,532)  (1363,457)  (1363,482)  (1387,507)  (1388,457)  (1388,482)  (1412,507)  (1413,457)  (1413,482)  (1438,457)
Shreveport  (1756,1203)  (1731,1227)  (1731,1202)  (1780,1228)  (1756,1178)  (1781,1178)  (1781,1203)  (1729,1177)  (1755,1252)  (1730,1252)  (1805,1228)  (1805,1253)  (1780,1253)  (1806,1170)  (1806,1195)  (1830,1220)  (1831,1170)  (1831,1195)
Grand Island  (1382,597)  (1357,621)  (1357,596)  (1406,622)  (1382,572)  (1407,572)  (1407,597)  (1355,571)  (1332,644)  (1332,619)  (1431,622)  (1432,587)  (1330,594)  (1330,569)  (1307,644)  (1307,619)  (1305,594)  (1282,644)  (1282,619)  (1280,594)
Sonora  (890,1373)  (865,1397)  (865,1372)  (914,1398)  (890,1348)  (915,1348)  (915,1373)  (863,1347)  (889,1422)  (864,1422)  (840,1397)  (840,1372)  (939,1398)  (939,1423)  (914,1423)  (839,1423)  (888,1323)  (913,1323)  (938,1323)  (940,1348)  (940,1373)  (838,1347)  (838,1322)  (863,1322)  (963,1300)  (889,1447)  (864,1447)  (815,1398)  (815,1373)  (964,1398)  (964,1423)  (964,1448)  (939,1448)  (914,1448)  (839,1448)  (814,1448)  (814,1423)  (888,1298)  (913,1298)  (938,1298)  (965,1325)  (965,1350)  (813,1348)  (813,1323)  (813,1298)  (838,1297)  (863,1297)  (963,1275)  (988,1275)  (988,1300)  (866,1472)  (790,1398)  (790,1373)  (989,1375)  (989,1400)  (989,1425)  (989,1450)  (964,1473)  (841,1473)  (816,1473)  (791,1473)  (789,1448)  (789,1423)  (935,1273)  (990,1325)  (990,1350)  (788,1348)  (788,1323)  (788,1298)  (991,1475)  (766,1496)  (1013,1269)  (1013,1294)  (765,1398)  (765,1373)  (1014,1375)  (1014,1400)  (1014,1425)  (1014,1450)  (805,1498)  (764,1471)  (764,1446)  (1015,1319)  (1015,1344)  (763,1348)  (1016,1475)  (1016,1500)  (991,1500)  (741,1501)  (1038,1293)  (740,1421)  (740,1396)  (1039,1369)  (1039,1394)  (1039,1419)  (1039,1444)  (739,1476)  (739,1451)  (1040,1318)  (1040,1343)  (738,1371)  (1041,1469)  (1041,1494)  (1041,1519)  (1016,1525)  (991,1525)  (1060,1544)  (715,1426)  (715,1401)  (1064,1368)  (1064,1393)  (1064,1418)  (1064,1443)  (714,1472)  (1065,1323)  (713,1369)  (1066,1468)  (1066,1493)  (1066,1518)  (1035,1550)  (1080,1569)  (1089,1348)  (1089,1373)  (1089,1398)  (1089,1423)  (1091,1492)  (1091,1517)  (1085,1594)
Cleveland  (2365,586)  (2340,596)  (2340,571)  (2389,611)  (2389,561)  (2390,586)  (2364,621)  (2414,541)  (2415,566)  (2415,591)
Albany  (2788,472)  (2803,497)  (2798,447)  (2803,522)
Lake Powell  (786,757)  (761,781)  (761,756)  (810,782)  (786,732)  (811,732)  (811,757)  (759,731)  (785,806)  (760,806)  (736,781)  (736,756)  (835,782)  (835,807)  (810,807)  (735,807)  (784,707)  (809,707)  (834,707)  (836,732)  (836,757)  (734,731)  (759,706)  (859,684)  (785,831)  (760,831)  (860,782)  (860,807)  (860,832)  (835,832)  (810,832)  (735,832)  (784,682)  (809,682)  (834,682)  (861,709)  (861,734)  (859,659)  (785,856)  (760,856)  (863,857)  (838,857)  (813,857)  (735,857)  (776,657)  (801,657)  (826,657)  (851,634)  (775,632)  (800,632)  (825,632)  (850,609)  (779,607)  (804,607)
Milwaukee  (1972,412)  (1947,436)  (1947,411)  (1996,437)  (1972,387)  (1997,387)  (1997,412)  (1946,386)  (1971,461)  (1946,461)  (1922,436)  (2020,462)  (1921,462)  (1971,362)  (1996,362)  (2021,362)  (2022,387)  (1946,361)  (1896,466)  (1982,337)
Toledo  (2254,585)  (2229,609)  (2229,584)  (2278,610)  (2254,560)  (2279,560)  (2279,585)  (2227,559)  (2303,610)  (2303,635)  (2278,635)  (2307,660)  (2282,660)
Richmond  (2578,821)  (2595,846)  (2570,846)  (2603,806)  (2620,831)
Boston  (2967,477)  (2942,481)  (2985,502)  (2963,452)  (2992,462)
Chicago  (2018,548)  (2042,573)  (2017,573)  (2043,536)
Fargo  (1469,118)  (1444,142)  (1444,117)  (1493,143)  (1469,93)  (1494,93)  (1494,118)  (1442,92)  (1468,167)  (1443,167)  (1419,127)  (1518,143)  (1518,168)  (1493,168)  (1467,68)  (1492,68)  (1519,107)  (1417,102)  (1417,77)  (1442,67)  (1402,52)  (1468,192)  (1443,192)  (1531,193)  (1506,193)  (1467,43)  (1492,43)  (1392,120)  (1392,95)  (1427,42)  (1377,70)  (1377,45)  (1481,217)  (1456,217)  (1541,218)  (1516,218)  (1367,107)  (1352,82)  (1352,57)  (1352,32)  (1327,91)  (1327,66)  (1327,41)  (1302,77)  (1302,52)
GreenZombiesCapital  (3128,1203)
Charlotte  (2370,961)  (2345,985)  (2345,960)  (2394,986)  (2370,936)  (2395,936)  (2395,961)  (2320,986)  (2320,961)  (2419,986)  (2420,917)  (2420,942)  (2431,1011)  (2295,997)  (2456,1007)  (2270,1002)
Little Rock  (1757,1070)  (1732,1094)  (1732,1069)  (1781,1095)  (1757,1045)  (1782,1045)  (1782,1070)  (1730,1044)  (1756,1119)  (1731,1119)  (1707,1094)  (1707,1069)  (1806,1095)  (1806,1120)  (1781,1120)  (1807,1068)  (1705,1044)  (1705,1019)  (1730,1019)  (1756,1144)  (1731,1144)  (1831,1093)  (1831,1118)  (1831,1143)  (1685,994)  (1710,994)  (1735,994)
Detroit  (2285,467)  (2306,492)  (2281,492)  (2285,442)  (2310,452)
Davenport  (1808,483)  (1783,506)  (1783,481)  (1832,508)  (1808,458)  (1833,458)  (1833,483)  (1780,456)  (1807,531)  (1857,508)  (1857,533)  (1832,533)  (1805,433)  (1830,433)  (1858,481)  (1755,469)  (1755,444)  (1780,431)  (1882,512)  (1730,468)  (1730,443)  (1705,468)  (1705,443)  (1680,460)  (1680,435)
Superior  (2057,214)  (2032,223)  (2032,198)  (2061,239)  (2082,210)  (2007,217)  (2007,192)  (2107,211)  (1982,210)  (1982,185)  (2132,199)  (1957,201)  (2157,196)  (1932,195)  (2182,210)  (2207,213)
Norfolk  (2579,883)  (2554,891)  (2604,877)  (2535,866)  (2529,891)  (2629,876)
Chihuahua  (1265,1599)  (1240,1623)  (1240,1598)  (1289,1624)  (1265,1574)  (1290,1574)  (1290,1599)  (1238,1573)  (1264,1648)  (1239,1648)  (1215,1623)  (1215,1598)  (1314,1624)  (1314,1649)  (1289,1649)  (1214,1649)  (1263,1549)  (1288,1549)  (1313,1549)  (1315,1574)  (1315,1599)  (1213,1573)  (1213,1548)  (1238,1548)  (1338,1526)  (1264,1673)  (1239,1673)  (1190,1624)  (1190,1599)  (1339,1624)  (1339,1649)  (1339,1674)  (1314,1674)  (1289,1674)  (1214,1674)  (1189,1674)  (1189,1649)  (1263,1524)  (1288,1524)  (1313,1524)  (1340,1551)  (1340,1576)  (1188,1574)  (1188,1549)  (1188,1524)  (1213,1523)  (1238,1523)  (1338,1501)  (1264,1698)  (1239,1698)  (1165,1624)  (1165,1599)  (1364,1601)  (1364,1626)  (1364,1651)  (1364,1676)  (1339,1699)  (1314,1699)  (1289,1699)  (1214,1699)  (1164,1676)  (1164,1651)  (1164,1499)  (1263,1499)  (1288,1499)  (1313,1499)  (1365,1536)  (1365,1561)  (1163,1574)  (1163,1549)  (1163,1524)  (1189,1498)  (1214,1498)  (1366,1701)  (1140,1626)  (1140,1601)  (1389,1596)  (1389,1621)  (1389,1646)  (1389,1671)  (1341,1724)  (1316,1724)  (1291,1724)  (1139,1661)  (1139,1499)  (1139,1474)  (1164,1474)  (1239,1474)  (1264,1474)  (1289,1474)  (1314,1474)  (1138,1576)  (1138,1551)  (1138,1526)  (1189,1473)  (1214,1473)  (1391,1696)  (1391,1721)  (1366,1726)  (1411,1746)  (1414,1642)  (1414,1667)  (1341,1749)  (1316,1749)  (1114,1464)  (1139,1449)  (1164,1449)  (1239,1449)  (1264,1449)  (1289,1449)  (1314,1449)  (1113,1581)  (1113,1556)  (1416,1692)  (1416,1717)  (1386,1751)  (1436,1742)  (1439,1652)  (1229,1424)  (1254,1424)  (1279,1424)  (1441,1677)  (1441,1702)  (1461,1727)  (1254,1399)  (1466,1665)  (1466,1690)
Indianapolis  (2108,707)  (2083,731)  (2083,706)  (2132,732)  (2108,682)  (2133,682)  (2133,707)  (2081,681)  (2107,756)  (2082,756)  (2157,732)  (2141,757)  (2158,699)  (2057,771)  (2098,781)  (2182,724)
Sioux Falls  (1477,356)  (1452,380)  (1452,355)  (1501,381)  (1477,331)  (1502,331)  (1502,356)  (1450,330)  (1476,405)  (1451,405)  (1427,380)  (1427,355)  (1526,381)  (1526,406)  (1501,406)  (1426,406)  (1475,306)  (1500,306)  (1525,306)  (1527,331)  (1527,356)  (1425,330)  (1425,305)  (1450,305)  (1550,292)  (1476,430)  (1451,430)  (1402,381)  (1402,356)  (1545,431)  (1520,431)  (1426,431)  (1401,431)  (1401,406)  (1475,281)  (1500,281)  (1525,281)  (1400,331)  (1400,306)  (1400,281)  (1425,280)  (1450,280)  (1376,431)  (1376,406)  (1391,256)  (1475,256)  (1500,256)  (1525,256)  (1416,255)  (1441,255)
Pittsburgh  (2455,637)  (2477,662)  (2452,662)  (2458,612)  (2480,637)
Bismarck  (1251,162)  (1226,186)  (1226,161)  (1275,187)  (1251,137)  (1276,137)  (1276,162)  (1224,136)  (1250,211)  (1225,211)  (1201,186)  (1201,161)  (1300,187)  (1300,212)  (1275,212)  (1200,212)  (1249,112)  (1274,112)  (1301,116)  (1301,141)  (1199,136)  (1199,111)  (1224,111)  (1176,187)  (1176,162)  (1325,166)  (1325,191)  (1325,216)  (1175,221)  (1249,87)  (1326,124)  (1174,137)  (1174,112)  (1174,87)  (1199,86)  (1224,86)  (1350,149)  (1350,174)  (1350,199)  (1163,62)  (1249,62)  (1188,61)  (1213,61)  (1375,146)  (1375,171)  (1375,196)  (1375,221)  (1163,37)  (1238,37)  (1263,37)  (1188,36)  (1213,36)  (1400,155)  (1400,180)  (1400,205)
New Orleans  (1899,1359)  (1920,1384)  (1895,1384)  (1899,1334)  (1924,1344)
Delaware  (2708,752)
New Castle  (2463,560)  (2487,585)  (2447,535)  (2472,535)  (2488,560)  (2512,587)  (2515,612)  (2540,594)  (2540,619)
Houston  (1602,1377)  (1624,1402)  (1599,1402)  (1605,1352)  (1627,1377)
Great Basin  (496,604)  (471,628)  (471,603)  (520,629)  (496,579)  (521,579)  (521,604)  (469,578)  (495,653)  (470,653)  (446,628)  (446,603)  (545,629)  (545,654)  (520,654)  (445,654)  (494,554)  (519,554)  (544,554)  (546,579)  (546,604)  (444,578)  (444,553)  (469,553)  (569,531)  (495,678)  (470,678)  (421,629)  (421,604)  (570,629)  (570,654)  (570,679)  (545,679)  (520,679)  (445,679)  (420,679)  (420,654)  (494,529)  (519,529)  (544,529)  (571,556)  (571,581)  (419,579)  (419,554)  (419,529)  (444,528)  (469,528)  (495,703)  (470,703)  (589,704)  (564,704)  (539,704)  (445,704)
Frankfort  (2240,788)  (2215,812)  (2215,787)  (2264,813)  (2240,763)  (2265,769)  (2213,762)  (2289,794)  (2289,819)  (2188,766)  (2295,844)  (2314,818)
Greenville  (2346,1046)  (2321,1047)  (2370,1071)  (2325,1021)  (2350,1021)  (2371,1046)  (2345,1072)  (2375,1017)  (2379,1096)  (2396,1042)  (2354,1097)  (2379,1121)
Huntington  (2367,792)  (2342,795)  (2391,817)  (2357,767)  (2392,781)  (2366,820)  (2416,806)  (2417,773)  (2442,768)  (2442,793)
Boise  (508,296)  (483,320)  (483,295)  (532,321)  (508,271)  (533,271)  (533,296)  (507,345)  (482,345)  (557,321)  (557,346)  (532,346)  (457,345)  (484,246)  (509,246)  (534,246)  (558,271)  (558,296)  (559,245)  (507,370)  (482,370)  (582,321)  (560,371)  (535,371)  (462,221)  (487,221)  (512,221)  (583,280)  (537,220)  (562,220)  (457,385)  (510,395)  (485,395)  (607,305)  (543,396)  (455,196)  (480,196)  (505,196)  (530,195)  (555,195)  (460,410)  (517,420)  (492,420)  (452,171)  (477,171)  (502,171)  (527,170)  (467,435)  (452,146)  (477,146)  (502,146)  (452,121)  (477,121)  (452,96)  (477,96)  (452,71)  (477,71)  (452,46)  (477,46)
Allentown  (2682,566)  (2657,590)  (2706,591)  (2667,541)  (2692,541)  (2707,566)  (2717,541)
St. Cloud  (1632,278)  (1607,302)  (1607,277)  (1656,303)  (1632,253)  (1657,253)  (1657,278)  (1605,252)  (1631,327)  (1606,327)  (1582,302)  (1582,277)  (1666,328)  (1581,328)  (1630,228)  (1655,228)  (1580,252)  (1580,227)  (1605,227)  (1641,352)  (1616,352)  (1681,353)  (1591,353)  (1630,203)  (1569,202)  (1594,202)  (1716,363)  (1656,377)  (1631,377)  (1691,378)  (1606,378)  (1581,378)  (1619,178)  (1561,177)  (1586,177)  (1741,363)  (1741,388)  (1716,388)  (1766,351)  (1766,376)  (1791,358)  (1791,383)  (1816,384)
Garden City  (1321,764)  (1296,788)  (1296,763)  (1345,789)  (1321,739)  (1346,739)  (1346,764)  (1294,738)  (1320,813)  (1295,813)  (1370,789)  (1370,814)  (1345,814)  (1319,714)  (1344,714)  (1369,714)  (1371,739)  (1371,764)  (1272,713)  (1394,691)  (1320,838)  (1295,838)  (1395,789)  (1395,814)  (1395,839)  (1370,839)  (1345,839)  (1297,689)  (1322,689)  (1347,689)  (1396,716)  (1396,741)  (1272,688)  (1421,720)  (1421,745)  (1446,728)  (1446,753)
Las Cruces  (936,1126)  (911,1150)  (911,1125)  (960,1151)  (936,1101)  (961,1101)  (961,1126)  (909,1100)  (935,1175)  (910,1175)  (985,1151)  (985,1176)  (960,1176)  (934,1076)  (959,1076)  (984,1076)  (986,1101)  (986,1126)  (889,1075)  (1009,1053)  (935,1200)  (910,1200)  (1010,1151)  (1010,1176)  (1010,1201)  (985,1201)  (960,1201)  (914,1051)  (939,1051)  (964,1051)  (1011,1078)  (1011,1103)  (889,1050)  (989,1028)  (935,1225)  (910,1225)  (993,1226)  (968,1226)  (914,1026)  (939,1026)  (964,1026)  (889,1025)  (908,1250)  (914,1001)  (939,1001)  (964,1001)  (889,1000)
Nashville  (2120,949)  (2095,960)  (2095,935)  (2144,974)  (2120,924)  (2145,924)  (2145,949)  (2119,985)  (2080,910)  (2169,984)  (2144,999)  (2170,911)  (2170,936)  (2055,910)  (2194,989)
Denver  (1100,652)  (1124,677)  (1099,677)  (1105,627)  (1125,652)
Beaumont  (1653,1303)  (1628,1324)  (1628,1299)  (1677,1328)  (1653,1278)  (1678,1278)  (1678,1303)  (1623,1274)  (1603,1324)  (1603,1299)  (1698,1353)  (1673,1353)  (1648,1253)  (1673,1253)  (1703,1290)  (1578,1302)  (1578,1277)  (1686,1378)
Tyler  (1624,1174)  (1599,1198)  (1599,1173)  (1648,1199)  (1624,1149)  (1649,1149)  (1649,1174)  (1597,1148)  (1623,1223)  (1598,1223)  (1673,1199)  (1573,1224)  (1622,1124)  (1647,1124)  (1674,1130)  (1674,1155)  (1572,1125)  (1597,1123)  (1587,1249)  (1562,1249)  (1547,1117)
Eau Claire  (1860,278)  (1835,302)  (1835,277)  (1884,303)  (1860,253)  (1885,253)  (1885,278)  (1833,252)  (1859,327)  (1834,327)  (1810,302)  (1810,277)  (1909,303)  (1909,328)  (1884,328)  (1809,328)  (1858,228)  (1883,228)  (1908,228)  (1910,253)  (1910,278)  (1808,252)  (1808,227)  (1833,227)  (1933,227)  (1859,352)  (1785,303)  (1785,278)  (1934,303)  (1921,353)  (1896,353)  (1858,203)  (1935,252)  (1935,277)  (1783,253)  (1804,202)  (1829,202)  (1871,377)  (1959,302)  (1918,378)  (1960,238)  (1960,263)  (1890,402)  (1865,402)  (1984,288)  (1985,244)  (2009,269)  (2009,294)
Los Angeles  (352,1060)  (374,1085)  (349,1085)  (352,1035)  (377,1043)
Ozarks  (1724,833)  (1699,857)  (1699,832)  (1748,858)  (1724,808)  (1749,808)  (1749,833)  (1697,807)  (1723,882)  (1698,882)  (1773,858)  (1773,883)  (1748,883)  (1722,783)  (1747,783)  (1772,783)  (1774,808)  (1774,833)  (1677,782)  (1798,858)  (1798,883)  (1702,758)  (1727,758)  (1752,758)  (1777,758)  (1711,733)